# z[1]     a[2]     t[3]
48.9706325  0.0200118  0.0507399
24.9663619  0.0385114  0.1354551
17.7179911  0.0534245  0.2213118
14.0074437  0.0666336  0.3082516
11.7418001  0.0784818  0.3939876
10.1781528  0.0894602  0.4794333
 9.0501069  0.0995014  0.5623085
 8.1101415  0.1097678  0.6514440
 7.3943516  0.1191277  0.7363974
 6.7983547  0.1282322  0.8222559
 6.3041992  0.1369075  0.9069084
 5.8975687  0.1449786  0.9880630
 5.5135756  0.1535255  1.0764366
 5.2014990  0.1612513  1.1584068
 4.9043745  0.1693660  1.2465687
 4.6676746  0.1764392  1.3250943
 4.3961266  0.1853181  1.4258123
 4.2223616  0.1914842  1.4971258
 4.0130029  0.1994812  1.5912373
 3.8515753  0.2061186  1.6707061
 3.6953458  0.2129769  1.7540791
 3.5441473  0.2200633  1.8415382
 3.3978176  0.2273855  1.9332722
 3.2911710  0.2330366  2.0049954
 3.1529876  0.2407905  2.1046853
 3.0522781  0.2467748  2.1826106
 2.9540108  0.2529078  2.2633426
 2.8581265  0.2591932  2.3469736
 2.7645674  0.2656348  2.4335979
 2.6732770  0.2722365  2.5233119
 2.5842005  0.2790023  2.6162138
 2.4972840  0.2859362  2.7124036
 2.4405138  0.2906543  2.7784069
 2.3570818  0.2978778  2.8803035
 2.3025874  0.3027929  2.9502073
 2.2225001  0.3103181  3.0581001
 2.1701904  0.3154385  3.1320994
 2.1187298  0.3206434  3.2077921
 2.0681045  0.3259341  3.2852104
 1.9937034  0.3340344  3.4046429
 1.9451076  0.3395462  3.4865150
 1.8973007  0.3451488  3.5702248
 1.8502699  0.3508440  3.6558045
 1.8040025  0.3566331  3.7432862
 1.7584861  0.3625177  3.8327019
 1.7137086  0.3684994  3.9240835
 1.6915931  0.3715272  3.9705213
 1.6479014  0.3776576  4.0649107
 1.6049190  0.3838891  4.1613445
 1.5626342  0.3902235  4.2598535
 1.5417500  0.3934297  4.3098958
 1.5004907  0.3999215  4.4115745
 1.4599011  0.4065204  4.5154037
 1.4398540  0.4098606  4.5681339
 1.4002487  0.4166235  4.6752431
 1.3612864  0.4234980  4.7845744
 1.3420430  0.4269776  4.8400819
 1.3040254  0.4340230  4.9527974
 1.2852487  0.4375891  5.0100119
 1.2481531  0.4448096  5.1261702
 1.2298317  0.4484643  5.1851203
 1.1936356  0.4558642  5.3047771
 1.1757585  0.4596098  5.3654896
 1.1580271  0.4633862  5.4267953
 1.1229966  0.4710323  5.5511967
 1.1056952  0.4749025  5.6142977
 1.0715142  0.4827387  5.7423124
 1.0546323  0.4867051  5.8072308
 1.0378880  0.4907041  5.8727595
 1.0212802  0.4947360  5.9389006
 0.9884695  0.5028993  6.0730281
 0.9722644  0.5070314  6.1410181
 0.9561913  0.5111974  6.2096280
 0.9244372  0.5196324  6.3487138
 0.9087539  0.5239020  6.4191926
 0.8931985  0.5282066  6.4902970
 0.8777698  0.5325466  6.5620283
 0.8624669  0.5369223  6.6343874
 0.8322341  0.5457818  6.7809931
 0.8173022  0.5502662  6.8552411
 0.8024921  0.5547875  6.9301201
 0.7878026  0.5593459  7.0056305
 0.7732329  0.5639417  7.0817727
 0.7587819  0.5685753  7.1585469
 0.7444486  0.5732470  7.2359532
 0.7161316  0.5827059  7.3926619
 0.7021459  0.5874937  7.4719637
 0.6882742  0.5923208  7.5518968
 0.6745156  0.5971876  7.6324605
 0.6608691  0.6020944  7.7136542
 0.6473338  0.6070415  7.7954770
 0.6339088  0.6120293  7.8779281
 0.6205932  0.6170580  7.9610063
 0.6073861  0.6221281  8.0447105
 0.5942867  0.6272398  8.1290392
 0.5812940  0.6323935  8.2139911
 0.5684072  0.6375895  8.2995645
 0.5556254  0.6428283  8.3857577
 0.5429478  0.6481101  8.4725689
 0.5303735  0.6534353  8.5599960
 0.5179017  0.6588042  8.6480369
 0.5055315  0.6642173  8.7366894
 0.4932621  0.6696748  8.8259511
 0.4810927  0.6751772  8.9158196
 0.4690225  0.6807248  9.0062921
 0.4570507  0.6863179  9.0973659
 0.4451764  0.6919571  9.1890382
 0.4333989  0.6976425  9.2813060
 0.4217173  0.7033747  9.3741661
 0.4101310  0.7091540  9.4676153
 0.3986391  0.7149807  9.5616503
 0.3872409  0.7208554  9.6562677
 0.3759355  0.7267783  9.7514638
 0.3647223  0.7327498  9.8472350
 0.3536004  0.7387705  9.9435775
 0.3425692  0.7448406 10.0404874
 0.3316279  0.7509605 10.1379608
 0.3207758  0.7571308 10.2359936
 0.3100121  0.7633518 10.3345815
 0.2993361  0.7696238 10.4337204
 0.2887471  0.7759474 10.5334059
 0.2782444  0.7823230 10.6336334
 0.2678273  0.7887509 10.7343986
 0.2574951  0.7952317 10.8356967
 0.2472471  0.8017657 10.9375231
 0.2370826  0.8083534 11.0398731
 0.2270010  0.8149953 11.1427417
 0.2170015  0.8216917 11.2461242
 0.2070835  0.8284431 11.3500154
 0.1972464  0.8352500 11.4544105
 0.1874894  0.8421128 11.5593044
 0.1778119  0.8490320 11.6646918
 0.1682133  0.8560081 11.7705676
 0.1586929  0.8630415 11.8769265
 0.1492501  0.8701326 11.9837633
 0.1398842  0.8772821 12.0910727
 0.1305947  0.8844902 12.1988493
 0.1213809  0.8917577 12.3070876
 0.1122422  0.8990848 12.4157823
 0.1031779  0.9064721 12.5249279
 0.0941875  0.9139201 12.6345190
 0.0852704  0.9214293 12.7445499
 0.0764260  0.9290002 12.8550153
 0.0676536  0.9366334 12.9659095
 0.0589527  0.9443292 13.0772271
 0.0503228  0.9520883 13.1889624
 0.0417631  0.9599111 13.3011099
 0.0332733  0.9677982 13.4136640
 0.0248526  0.9757501 13.5266192
 0.0165005  0.9837674 13.6399700
 0.0082165  0.9918505 13.7537106
 0.0000000  1.0000000 13.8678356
